Obs  lcavol    lweight   age   lbph      svi    lcp        gleason pgg45            psa
1  -0.57981850 2.769459  50 -1.38629436   0 -1.38629436       6     0               0.65
2  -0.99425227 3.319626  58 -1.38629436   0 -1.38629436       6     0               0.85
3  -0.51082562 2.691243  74 -1.38629436   0 -1.38629436       7    20               0.85
4  -1.20397280 3.282789  58 -1.38629436   0 -1.38629436       6     0               0.85
5   0.75141609 3.432373  62 -1.38629436   0 -1.38629436       6     0               1.45
6  -1.04982212 3.228826  50 -1.38629436   0 -1.38629436       6     0               2.15
7   0.73716407 3.473518  64  0.61518564   0 -1.38629436       6     0               2.15
8   0.69314718 3.539509  58  1.53686722   0 -1.38629436       6     0               2.35
9  -0.77652879 3.539509  47 -1.38629436   0 -1.38629436       6     0               2.85
10  0.22314355 3.244544  63 -1.38629436   0 -1.38629436       6     0               2.85
11  0.25464222 3.604138  65 -1.38629436   0 -1.38629436       6     0               3.55
12 -1.34707365 3.598681  63  1.26694760   0 -1.38629436       6     0               3.55
13  1.61342993 3.022861  63 -1.38629436   0 -0.59783700       7    30               3.55
14  1.47704872 2.998229  67 -1.38629436   0 -1.38629436       7     5               3.85
15  1.20597081 3.442019  57 -1.38629436   0 -0.43078292       7     5               4.05
16  1.54115907 3.061052  66 -1.38629436   0 -1.38629436       6     0               4.25
17 -0.41551544 3.516013  70  1.24415459   0 -0.59783700       7    30               4.35
18  2.28848617 3.649359  66 -1.38629436   0  0.37156356       6     0               4.45
19 -0.56211892 3.267666  41 -1.38629436   0 -1.38629436       6     0               4.75
20  0.18232156 3.825375  70  1.65822808   0 -1.38629436       6     0               4.95
21  1.14740245 3.419365  59 -1.38629436   0 -1.38629436       6     0               5.15
22  2.05923883 3.501043  60  1.47476301   0  1.34807315       7    20               5.25
23 -0.54472718 3.375880  59 -0.79850770   0 -1.38629436       6     0               5.45
24  1.78170913 3.451574  63  0.43825493   0  1.17865500       7    60               5.55
25  0.38526240 3.667400  69  1.59938758   0 -1.38629436       6     0               5.65
26  1.44691898 3.124565  68  0.30010459   0 -1.38629436       6     0               5.85
27  0.51282363 3.719651  65 -1.38629436   0 -0.79850770       7    70               6.05
28 -0.40047757 3.865979  67  1.81645208   0 -1.38629436       7    20               6.15
29  1.04027671 3.128951  67  0.22314355   0  0.04879016       7    80               6.35
30  2.40964417 3.375880  65 -1.38629436   0  1.61938824       6     0               6.65
31  0.28517894 4.090169  65  1.96290773   0 -0.79850770       6     0               6.85
32  0.18232156 6.107580  65  1.70474809   0 -1.38629436       6     0               7.45
33  1.27536280 3.037354  71  1.26694760   0 -1.38629436       6     0               7.45
34  0.00995033 3.267666  54 -1.38629436   0 -1.38629436       6     0               7.55
35 -0.01005034 3.216874  63 -1.38629436   0 -0.79850770       6     0               7.75
36  1.30833282 4.119850  64  2.17133681   0 -1.38629436       7     5               8.05
37  1.42310833 3.657131  73 -0.57981850   0  1.65822808       8    15               8.65
38  0.45742485 2.374906  64 -1.38629436   0 -1.38629436       7    15               8.95
39  2.66095859 4.085136  68  1.37371558   1  1.83258146       7    35               9.15
40  0.79750720 3.013081  56  0.93609336   0 -0.16251893       7     5               9.75
41  0.62057649 3.141995  60 -1.38629436   0 -1.38629436       9    80               9.95
42  1.44220199 3.682610  68 -1.38629436   0 -1.38629436       7    10              10.05
43  0.58221562 3.865979  62  1.71379793   0 -0.43078292       6     0              10.25
44  1.77155676 3.896909  61 -1.38629436   0  0.81093022       7     6              10.75
45  1.48613970 3.409496  66  1.74919985   0 -0.43078292       7    20              12.45
46  1.66392610 3.392829  61  0.61518564   0 -1.38629436       7    15              12.85
47  2.72785283 3.995445  79  1.87946505   1  2.65675691       9   100              13.05
48  1.16315081 4.035125  68  1.71379793   0 -0.43078292       7    40              13.05
49  1.74571553 3.498022  43 -1.38629436   0 -1.38629436       6     0              13.35
50  1.22082992 3.568123  70  1.37371558   0 -0.79850770       6     0              13.35
51  1.09192330 3.993603  68 -1.38629436   0 -1.38629436       7    50              14.25
52  1.66013103 4.234831  64  2.07317193   0 -1.38629436       6     0              14.55
53  0.51282363 3.633631  64  1.49290410   0  0.04879016       7    70              14.65
54  2.12704052 4.121473  68  1.76644166   0  1.44691898       7    40              14.75
55  3.15359036 3.516013  59 -1.38629436   0 -1.38629436       7     5              14.95
56  1.26694760 4.280132  66  2.12226154   0 -1.38629436       7    15              15.15
57  0.97455964 2.865054  47 -1.38629436   0  0.50077529       7     4              16.25
58  0.46373402 3.764682  49  1.42310833   0 -1.38629436       6     0              16.35
59  0.54232429 4.178226  70  0.43825493   0 -1.38629436       7    20              16.55
60  1.06125650 3.851211  61  1.29472717   0 -1.38629436       7    40              16.65
61  0.45742485 4.524502  73  2.32630162   0 -1.38629436       6     0              17.15
62  1.99741771 3.719651  63  1.61938824   1  1.90954250       7    40              17.35
63  2.77570885 3.524889  72 -1.38629436   0  1.55814462       9    95              17.35
64  2.03470565 3.917011  66  2.00821403   1  2.11021320       7    60              17.85
65  2.07317193 3.623007  64 -1.38629436   0 -1.38629436       6     0              17.85
66  1.45861502 3.836221  61  1.32175584   0 -0.43078292       7    20              17.95
67  2.02287119 3.878466  68  1.78339122   0  1.32175584       7    70              18.55
68  2.19833507 4.050915  72  2.30757263   0 -0.43078292       7    10              19.35
69 -0.44628710 4.408547  69 -1.38629436   0 -1.38629436       6     0              19.35
70  1.19392247 4.780383  72  2.32630162   0 -0.79850770       7     5              19.55
71  1.86408013 3.593194  60 -1.38629436   1  1.32175584       7    60              20.35
72  1.16002092 3.341093  77  1.74919985   0 -1.38629436       7    25              20.85
73  1.21491274 3.825375  69 -1.38629436   1  0.22314355       7    20              21.25
74  1.83896107 3.236716  60  0.43825493   1  1.17865500       9    90              21.65
75  2.99922616 3.849083  69 -1.38629436   1  1.90954250       7    20              26.45
76  3.14113048 3.263849  68 -0.05129329   1  2.42036813       7    50              28.15
77  2.01089500 4.433789  72  2.12226154   0  0.50077529       7    60              29.75
78  2.53765722 4.354784  78  2.32630162   0 -1.38629436       7    10              31.05
79  2.64830020 3.582129  69 -1.38629436   1  2.58399755       7    70              31.75
80  2.77944020 3.823192  63 -1.38629436   0  0.37156356       7    50              33.55
81  1.46787435 3.070376  66  0.55961579   0  0.22314355       7    40              33.65
82  2.51365606 3.473518  57  0.43825493   0  2.32727771       7    60              34.15
83  2.61300665 3.888754  77 -0.52763274   1  0.55961579       7    30              35.35
84  2.67759099 3.838376  65  1.11514159   0  1.74919985       9    70              35.55
85  1.56234630 3.709907  60  1.69561561   0  0.81093022       7    30              36.15
86  3.30284926 3.518980  64 -1.38629436   1  2.32727771       7    60              37.75
87  2.02419307 3.731699  58  1.63899671   0 -1.38629436       6     0              39.65
88  1.73165555 3.369018  62 -1.38629436   1  0.30010459       7    30              40.95
89  2.80759383 4.718052  65 -1.38629436   1  2.46385324       7    60              53.75
90  1.56234630 3.695110  76  0.93609336   1  0.81093022       7    75              54.25
91  3.24649099 4.101817  68 -1.38629436   0 -1.38629436       6     0              56.25
92  2.53290285 3.677566  61  1.34807315   1 -1.38629436       7    15              62.15
93  2.83026783 3.876396  68 -1.38629436   1  1.32175584       7    60              80.25
94  3.82100361 3.896909  44 -1.38629436   1  2.16905370       7    40             108.25
95  2.90744736 3.396185  52 -1.38629436   1  2.46385324       7    10             171.25
96  2.88256358 3.773910  68  1.55814462   1  1.55814462       7    80             239.25
97  3.47196645 3.974998  68  0.43825493   1  2.90416508       7    20             265.85

